-5.88800001144 0.0379429550124 0.00907287528003	0.0141093963117 0.00663471146106 
-4.88800001144 0.0750329232433 0.00934620030832	0.0269328788971 0.00706408368689 
-3.88800001144 0.0754112012708 0.00942649069184	0.0464391059562 0.00724417601412 
-2.88800001144 0.0646791376584 0.00941205959735	0.0461109080506 0.00727270593983 
-1.88800001144 0.0803985230667 0.00958776815551	0.0629087353466 0.00751194113518 
-0.888000011444 0.102735249818 0.00945409507003	0.0628428461026 0.00727275905671 
0.111999988556 0.0837375299701 0.00973964938082	0.0706844521264 0.00765339066071 
1.11199998856 0.0962047991787 0.00980410319971	0.0724515195232 0.00747671605079 
2.11199998856 0.0997548127354 0.00967404675482	0.0830861472563 0.0077701110451 
3.11199998856 0.110005985883 0.00983762771337	0.0798872586052 0.00777251281712 
4.11199998856 0.107764669591 0.00979479555034	0.0694274378216 0.00779327279604 
5.11199998856 0.0911829080678 0.00977253761537	0.0747753368594 0.00773753440896 
6.11199998856 0.100577042903 0.00984122408655	0.0781958135848 0.00778826043896 
7.11199998856 0.0965000425154 0.00969756530923	0.0633303481967 0.00774539816707 
8.11199998856 0.0898096763951 0.0095924168177	0.0730001333943 0.00751535512893 
9.11199998856 0.0721162892944 0.00955715307667	0.0567803084146 0.00742501180068 
10.1119999886 0.0803557936959 0.00958116079164	0.0527828015322 0.00709709084244 
11.1119999886 0.067017942427 0.00953916923633	0.0635481627497 0.00755060220409 
12.1119999886 0.0809010513244 0.00945910466576	0.0709445917478 0.00754744699332 
13.1119999886 0.0691372363806 0.00945341008321	0.0615801412422 0.00718900644242 
14.1119999886 0.0514177720475 0.0091918597756	0.0371527052123 0.0069310285496 
15.1119999886 0.045092115094 0.00917759285891	0.0125358550059 0.00680225674609 
16.1119999886 0.0329610907015 0.00913965297456	0.0257260417107 0.00666539714034 
17.1119999886 0.0371413460845 0.00912755587444	0.044718242579 0.00695956319286 
18.1119999886 0.0743589573922 0.00936378103991	0.0588373318283 0.00709930667129 
19.1119999886 0.0736605940497 0.0092663946659	0.0482797748336 0.00718185439664 
20.1119999886 0.0621380798975 0.00913888729129	0.0433065944798 0.00702692852444 
21.1119999886 0.0773293427735 0.00932154758675	0.0811216266971 0.00762168493497 
22.1119999886 0.0952945943339 0.00947003878047	0.0717212506398 0.00739398472274 
23.1119999886 0.0931367637262 0.00943337964054	0.0624053380858 0.00740527825992 
24.1119999886 0.128139156023 0.00989173154514	0.114608757702 0.00826558186308 
25.1119999886 0.1780832935 0.0104802603044	0.169522942997 0.0091057487311 
26.1119999886 0.159752609 0.0103701323668	0.153237864723 0.00892695281937 
27.1119999886 0.227904977507 0.0108364298783	0.190687322738 0.00966065456552 
28.1119999886 0.125310449252 0.009697362717	0.0983753436885 0.0076841403003 
29.1119999886 0.0760370757101 0.00912292929239	0.0535028894462 0.00695608585509 
30.1119999886 0.0842737574132 0.00886054376763	0.0535101586276 0.00680084557835 
31.1119999886 0.0722728481188 0.00881156337771	0.03586848582 0.00658752799474 
32.1119999886 0.0677913169227 0.00860124845342	0.0426104530442 0.00654580899067 
33.1119999886 0.0612487412004 0.00843253209324	0.0419129942242 0.00619157106965 
34.1119999886 0.029977591102 0.00807941968679	0.0191092512788 0.00585505195276 
35.1119999886 0.0409792221857 0.00806355117072	0.0197613863456 0.00584220691939 
36.1119999886 0.0239946717551 0.00785172348227	0.0205322835584 0.00566821874449 
37.1119999886 0.0506058406906 0.0079236826482	0.015035265487 0.00573778603501 
38.1119999886 0.0290204042781 0.00777240555004	0.015139011417 0.00571934513061 
39.1119999886 0.0201980404839 0.0075765047499	0.00596890217428 0.00565307251458 
40.1119999886 0.0121843991062 0.00741711618931	0.00928180831828 0.00547609695875 
41.1119999886 0.0112892307172 0.00741196396282	0.00579579654804 0.00553539401361 
42.1119999886 0.00498604140414 0.00730263603055	-0.00418672407509 0.00547159506362 
43.1119999886 0.00874630333328 0.00732869468258	0.00747177156935 0.0052368353519 
44.1119999886 0.0124121964311 0.0073348158394	0.00119602199641 0.0054269524292 
45.1119999886 0.0199130775147 0.00737170039204	0.00166989859934 0.00548179021722 
46.1119999886 0.00347437618338 0.00746824451063	-0.000627455151033 0.00534979348056 
47.1119999886 0.0223823549386 0.00737796741545	8.2689685776e-05 0.0053403889799 
48.1119999886 0.0279510183635 0.00749485664499	0.00433750352606 0.00545728908208 
49.1119999886 0.0293486401957 0.00747077834668	0.0195318661292 0.00557750297698 
50.1119999886 0.0313692782164 0.00769779997444	0.0262612632142 0.00569189607135 
51.1119999886 0.0373844250995 0.00766665264753	0.0287487932174 0.00575751343742 
52.1119999886 0.0331346692784 0.0076763106539	0.0312189334243 0.00564916021666 
53.1119999886 0.0180279421287 0.00758180120119	0.0117460672224 0.00547808525573 
54.1119999886 0.0570336038591 0.00775870681821	0.0359541852207 0.00601579568902 
55.1119999886 0.0484511954821 0.0080943083318	0.0303552665939 0.00579589120988 
56.1119999886 0.0426569434198 0.00773784393122	0.0290766616927 0.00571179783638 
57.1119999886 0.0372690324534 0.0078699983707	0.0197043905652 0.00564604760733 
58.1119999886 0.0507337457836 0.00768225105851	0.017909340282 0.0056440967756 
59.1119999886 0.0281010462423 0.00766020107223	0.00875439486107 0.0056853093269 
60.1119999886 0.0281973542946 0.00766590914876	0.00134267109742 0.00547905639254 
61.1119999886 0.0308157333463 0.00763224788513	0.0112213336554 0.00544205402459 
62.1119999886 0.0333813429835 0.00770183328716	0.0218656663538 0.00557584408827 
63.1119999886 0.0133268329932 0.00758406349152	0.0101763256874 0.00552564993562 
64.1119999886 0.0217557524419 0.00748828820242	0.00106444757989 0.00559595810204 
65.1119999886 0.0110595904005 0.00749234428762	0.00495284381574 0.00547506343324 
66.1119999886 0.030339339655 0.00750556785226	0.000878665123551 0.00529050213853 
67.1119999886 0.0102883450609 0.00738686058542	0.00584259373368 0.00533487417305 
68.1119999886 0.00737574214489 0.00742550169055	0.00184071739037 0.00545169964564 
69.1119999886 0.00613710696865 0.00742271681483	0.00519488428938 0.00539257873631 
70.1119999886 0.0104124529717 0.00741633938169	0.00610182322625 0.00550612445767 
71.1119999886 0.0164065335143 0.00740239332454	0.00943758357847 0.00532399615324 
72.1119999886 -0.000858192746058 0.00746544216485	0.0049401106296 0.00547913323031 
73.1119999886 0.0130376613698 0.0073838134911	0.00256952533798 0.00532129879431 
74.1119999886 0.000557237068188 0.00743146008003	0.00673296524781 0.00527307124631 
75.1119999886 0.019212392577 0.00740954225806	3.11090820961e-05 0.00540119679903 
76.1119999886 0.0131702293119 0.0074075350244	-0.00287660965616 0.00543775794699 
77.1119999886 0.00888467633935 0.00745555911012	-0.00268098307403 0.00545452322446 
78.1119999886 0.00480953377043 0.0073914687942	-0.0100577496354 0.00539643767044 
79.1119999886 0.0138714238657 0.00728436125782	0.00244362459867 0.00553822494607 
80.1119999886 0.00662615070624 0.00738875510605	-0.00635504046608 0.00551073569188 
81.1119999886 0.0194321010257 0.00731293794995	-0.00656235197495 0.00538281743456 
82.1119999886 0.0196689974901 0.00733810293443	-0.00358440652071 0.00533852602458 
83.1119999886 0.000881975747554 0.0074027723857	-0.00243050819758 0.00530352198425 
84.1119999886 0.0124410329532 0.00734615173635	-0.00440361871287 0.00534376696667 
85.1119999886 0.0073574229784 0.00761405673813	-0.00120237701071 0.00549683351382 
86.1119999886 0.0129419632717 0.007327289712	0.00155466264579 0.00538408892351 
87.1119999886 0.0128035956462 0.00743476696634	-0.00144710000522 0.0053240227001 
88.1119999886 0.0159716549687 0.00730504006199	0.0086161117617 0.00537818143763 
89.1119999886 0.00387505415912 0.007277186989	0.00442882547828 0.00536185993619 
90.1119999886 0.0175720367925 0.00723878754984	-0.000524031539927 0.00537849935769 