0 -3
1 -2
2 1
3 6
4 13
5 22
6 33
7 46
8 61
9 78
10 97
11 118
12 141
13 166
14 193
15 222
16 253
17 286
18 321
19 358
20 397
21 438
22 481
23 526
24 573
25 622
26 673
27 726
28 781
29 838
30 897
31 958
32 1021
33 1086
34 1153
35 1222
36 1293
37 1366
38 1441
39 1518
40 1597
41 1678
42 1761
43 1846
44 1933
45 2022
46 2113
47 2206
48 2301
49 2398
50 2497
51 2598
52 2701
53 2806
54 2913
55 3022
56 3133
57 3246
58 3361
59 3478
60 3597
61 3718
62 3841
63 3966
64 4093
65 4222
66 4353
67 4486
68 4621
69 4758
70 4897
71 5038
72 5181
73 5326
74 5473
75 5622
76 5773
77 5926
78 6081
79 6238
80 6397
81 6558
82 6721
83 6886
84 7053
85 7222
86 7393
87 7566
88 7741
89 7918
90 8097
91 8278
92 8461
93 8646
94 8833
95 9022
96 9213
97 9406
98 9601
99 9798
