0.0 0.0
0.06346651825433926 0.06329622678687463
0.12693303650867852 0.1255739935905396
0.1903995547630178 0.18583122783016376
0.25386607301735703 0.24309836805023435
0.3173325912716963 0.29645396452732026
0.3807991095260356 0.345039505741056
0.4442656277803748 0.3880732321458784
0.5077321460347141 0.4248627149747572
0.5711986642890533 0.45481599767725917
0.6346651825433925 0.47745112072203694
0.6981317007977318 0.49240387650610395
0.7615982190520711 0.499433669591504
0.8250647373064104 0.4984273879759712
0.8885312555607496 0.48940122310738937
0.9519977738150889 0.47250040935733423
1.0154642920694281 0.4479968871456679
1.0789308103237674 0.4162849273173857
1.1423973285781066 0.37787478717712913
1.2058638468324459 0.3333845002581458
1.269330365086785 0.2835299319313854
1.3327968833411243 0.22911326086370523
1.3962634015954636 0.1710100716628344
1.4597299198498028 0.1101552663932704
1.5231964381041423 0.04752802165209122
1.5866629563584815 -0.01586396674903393
1.6501294746128208 -0.07900069798667504
1.71359599286716 -0.14086627842071492
1.7770625111214993 -0.20046526770330692
1.8405290293758385 -0.2568386957867032
1.9039955476301778 -0.30907949311030264
1.967462065884517 -0.35634708568943146
2.0309285841388562 -0.39788092026541605
2.0943951023931957 -0.4330127018922194
2.1578616206475347 -0.4611771470522907
2.221328138901874 -0.4819210792799711
2.284794657156213 -0.4949107209404663
2.3482611754105527 -0.4999370638369375
2.4117276936648917 -0.4969192322306271
2.475194211919231 -0.4859057841617707
2.53866073017357 -0.46707393013255344
2.6021272484279097 -0.440726681723791
2.6655937666822487 -0.4072879760251679
2.729060284936588 -0.36729585432876655
2.792526803190927 -0.3213938048432698
2.8559933214452666 -0.2703204087277988
2.9194598396996057 -0.214897456044586
2.982926357953945 -0.15601672284924353
3.0463928762082846 -0.09462562218020487
3.1098593944626236 -0.03171195982828226
3.173325912716963 0.03171195982828246
3.236792430971302 0.09462562218020507
3.3002589492256416 0.15601672284924373
3.3637254674799806 0.21489745604458574
3.42719198573432 0.27032040872779894
3.490658503988659 0.3213938048432696
3.5541250222429985 0.3672958543287667
3.6175915404973376 0.40728797602516775
3.681058058751677 0.44072668172379104
3.744524577006016 0.46707393013255327
3.8079910952603555 0.4859057841617708
3.8714576135146945 0.49691923223062706
3.934924131769034 0.49993706383693753
3.998390650023373 0.4949107209404664
4.0618571682777125 0.48192107927997097
4.1253236865320515 0.46117714705229085
4.188790204786391 0.4330127018922191
4.25225672304073 0.39788092026541594
4.3157232412950695 0.35634708568943146
4.3791897595494085 0.3090794931103028
4.442656277803748 0.2568386957867029
4.506122796058087 0.20046526770330672
4.569589314312426 0.14086627842071492
4.6330558325667655 0.07900069798667528
4.696522350821105 0.01586396674903351
4.759988869075444 -0.04752802165209142
4.823455387329783 -0.11015526639327017
4.886921905584122 -0.171010071662834
4.950388423838462 -0.22911326086370543
5.013854942092801 -0.2835299319313854
5.07732146034714 -0.33338450025814564
5.14078797860148 -0.37787478717712947
5.204254496855819 -0.4162849273173858
5.267721015110158 -0.4479968871456679
5.331187533364497 -0.4725004093573341
5.394654051618837 -0.4894012231073895
5.458120569873176 -0.4984273879759712
5.521587088127515 -0.499433669591504
5.585053606381854 -0.49240387650610407
5.648520124636194 -0.4774511207220368
5.711986642890533 -0.4548159976772591
5.775453161144872 -0.4248627149747573
5.838919679399211 -0.38807323214587863
5.902386197653551 -0.34503950574105574
5.96585271590789 -0.2964539645273202
6.029319234162229 -0.24309836805023452
6.092785752416569 -0.18583122783016334
6.156252270670908 -0.1255739935905394
6.219718788925247 -0.06329622678687465
6.283185307179586 -2.4492935982947064e-16
