1.4918775
0.2917647
4.040566
4.0820715
0.4816301
4.0590487
0.9756419
2.2571644
1.2374748
0.9569906
32943.7231387
6.8540056
13.0730679
1.0807016
0.4263254
0.6010948
1.7306051
5.8743109
4.7573632
7.6352908
3.6107007
0.4610926
17.8120616
0.3405611
50.757754
4.6923354
2.6551771
0.5531742
14.6561581
6.4783957
39.90164
30.4155573
60.4431456
0.3961776
2.0305143
90.6446183
38.0333958
63.3115386
3.2990729
14.6670136
61.1859934
61.3115166
10.9676252
0.3163228
0.2410224
0.3791906
0.5594404
0.5742065
0.4214231
0.532294
0.6885049
0.3398825
4.0087173
4.5408225
8.8195969
0.5067196
2.2020948
0.4303626
1.1172982
0.7869019
0.8731962
43.411209
1.276489
2.7166711
0.2187144
1.4231407
2.7806237
2.6019688
0.2353615
6.7520701
0.5871074
0.6212122
0.1961642
1.3702579
1.124733
6.6091257
1.8224348
6.751748
4.0144329
4.3621563
0.3338275
4.1341597
28.7558746
1.5364612
0.2756105
7.7196276
10.0902007
3.7017093
0.782621
0.8874183
17.4704043
0.7290249
2.0284329
8.2983263
0.4458524
0.914725
3.2621928
0.8781935
0.4155236
10.4068456
2.9575639
12.5272533
0.6905312
0.1939503
69.8848391
0.3731046
0.2009788
21.5770826
1.2388746
1.2760554
1.3793327
1.0364088
35.8677049
0.6940867
0.9895737
2.587344
0.2235706
0.6707626
4.2169225
0.4845063
1.3406846
4.3891025
0.598326
1.4174513
6.6823702
1.5036334
0.7542437
0.4785194
0.6452546
0.8509389
0.2516212
1.0575086
0.3644383
0.2713287
0.5182759
0.5430527
0.3982953
0.6095636
0.7349594
0.6320015
0.8607033
0.4285742
0.5441062
2.1892242
0.4800486
0.3019915
17.4681732
0.271749
1.7134811
1.1356219
0.2074744
0.5017012
0.2341128
0.4715573
2.6407283
0.5971168
0.4168417
11.638561
34.4075752
0.4929853
0.733749
2.7263259
0.4512773
0.3266994
1.3514686
1.8036659
0.356525
4.8832484
1.378047
0.6052612
1.6736849
0.6678156
1.4506738
1.4684554
0.561619
0.2166861
0.6656316
0.2001553
0.3005026
0.3009977
0.2342071
1.1396542
0.213746
1.0237639
0.5474786
0.4525284
1.0699506
0.2078015
1.0848786
0.8475324
0.3656645
0.306821
14.4871581
0.8417666
3.3613462
0.5858654
0.7401929
0.3189544
4.0564277
1.8256206
1.0117801
0.444351
45.9449671
0.2263607
0.570596
19.7441862
0.3528614
1.8526601
0.4229849
5.5964397
2.7313067
9.0185437
0.6399911
0.2529411
22.5765432
1.5298305
0.2903509
4.3234844
65.5870653
3.92517
4.8330323
6.28415
0.4901968
0.4791332
0.2594699
7.1219854
0.4084459
0.852507
10.3820384
1.7589518
0.5879426
4.5343836
38.774062
1.7301016
12.3804915
0.8013108
1.9523995
0.558359
3.7294188
0.2522585
11.3629395
0.664829
12.9724824
0.2097058
1.6426327
0.6028741
1.475405
32.9804578
48.0900695
1.4921334
52.6527081
41.0995862
26.6697487
43.2592825
0.3674648
0.431536
1.6068282
0.2054616
0.3163132
1.3675959
1.3424664
4.5089815
8.2944425
1.1727363
1.0676268
0.9330569
0.5286346
14.6718061
6.6660097
0.3340052
17.9464136
61.8688187
0.4451333
27.7278852
22.9034661
5.6396856
7.5317585
0.2167286
12.8478335
0.4543706
4.6882909
8.8373092
0.4023598
2.4981492
0.1908637
1.4926081
4.0071158
1.0946932
4.1165523
1.4647494
6.1854258
3.545045
0.6538961
77.5368422
0.2406588
7.9679804
5.9620284
4.0935375
7.8439375
1.8564377
11.6472151
7.9117103
51.4608629
0.7140994
0.3131105
0.2669934
0.1943301
1.9483601
0.5499118
0.4373799
0.3108327
0.6958804
0.6440856
3.0484792
9.1637456
0.732156
0.6126213
1.920661
0.5581043
0.3663249
0.1933736
0.8044374
7.979367
0.6205135
4.5122363
3.1390638
15.1924421
0.2197959
1.289799
1.8788355
0.6875608
0.3833605
0.82367
0.6671587
0.761194
0.2065061
1.0523715
1.4320949
2.0014338
0.387006
0.5175736
1.3910235
0.523737
0.9708623
0.4255389
0.7897436
1.8627919
0.5296491
0.353159
2.7231035
1.2911113
6.3606307
0.6901731
1.3769356
0.2936567
0.8449488
0.506135
0.9273751
0.3436628
28.2644963
0.317223
6.0064528
6.9558374
1.1677015
0.3290432
0.3303124
0.4470641
0.6132402
0.3719906
0.6948312
0.3561016
0.2043928
0.9212013
4.4900062
0.2066035
3.4562169
1.3604087
41.0228716
0.7269735
1.1857067
0.9934504
2.0405394
22.110914
11.1879131
10.6761737
2.2093594
11.8796837
5.858329
2.6329516
14.5183117
22.9843655
15.5769134
1.6072731
69.1658604
8.4681944
1.0459761
4.3345525
37.4044268
3.4401732
9.4103404
5.3130519
1.7928942
11.235281
6.1966032
1.2140552
9.5046906
29.2518469
93.8860131
27.1673518
33.0238031
1.0977169
2.8769683
26.5991638
16.7965881
5.1445063
58.4117285
15.5069604
11.4172399
70.3957233
499.2707091
4.5496298
8.8925971
22.7947696
22.3512172
15.8415545
32.6626994
59.0739046
0.6084265
0.2469474
1.4590521
198.3296292
0.3166074
0.3245201
0.2239587
0.5227526
2.0461383
0.3804929
1.3482494
8.0525251
0.191228
0.4999806
0.7195668
1.5009247
9.1793981
1.9491669
4.3286426
2.7960063
18.1659498
0.3041936
6.2155512
0.7526955
6.2085924
5.5273886
2.6279878
1.5082884
1.9257939
4.5150208
0.6609256
57.0815354
2.0660427
7.5653064
2.9067709
30.3885088
10.8063205
0.1902661
0.3942944
6.5600792
1.6028612
0.5149044
0.4039639
16.5331291
2.2867487
17.0364922
0.2563087
1.9458749
7.0952498
1.3256584
1.715531
4.3167872
8.6832207
3.3179141
0.9082003
1.2806098
6.1023327
0.2829015
0.2510767
0.32054
1.8457915
6.0199751
0.4217314
3.1551439
0.5246636
4.4113304
2.3192142
1.0969563
0.303401
0.8211524
78.3923358
29.5916347
10.4581587
271.6231175
26.8263639
34.3383173
0.430599
41.2433139
212.9630405
6.1743477
3.7679516
2.8901653
0.4197174
3.7372332
25.3515954
1.1264209
0.2098213
0.7210789
0.801724
0.3473839
0.3762541
0.766817
7.2095356
16.5336083
0.2974451
0.3777813
0.7149293
0.3317337
1.3555398
0.2144795
0.7433593
0.7849804
6.2027502
0.295245
0.5889763
0.9239071
0.4931494
0.3544994
0.6686309
6.744568
0.9576694
1.4377963
0.222328
1.5775111
2.0853314
1.3203211
1.6964424
0.9812674
9.9181445
3.428039
1.290563
2.4540966
0.2799494
0.2932879
0.3582508
0.3812379
11.198486
2.8250132
0.5143194
17.9696076
0.8491916
1.1512275
1.0752531
0.3260431
0.8539241
1.1188859
0.9015745
12.8167197
1.0348152
0.3331031
0.5922685
1.7492285
0.7606677
6.9880909
1.0577186
0.784167
0.9000915
4.1247434
2.7393167
0.8034772
0.369942
0.7067747
4.9487169
0.3823174
0.5710765
0.3433882
3.2040709
0.5934715
2.8758175
0.2216651
1.6558305
0.4217601
2.7445919
2.4341979
4.312076
69.1346565
1.1805973
0.8050458
0.5226223
2.2330178
2.1550289
3.5788586
0.196992
12.5526617
0.2306189
0.645116
6.1143099
1.3788206
0.9805534
11.6129279
0.6125413
0.3931087
0.3452141
41.5595622
1.1551596
10.8174321
0.2661747
1.050518
0.3760154
0.5283678
4.2688937
1.2610476
0.1908006
1.4772225
1.5751965
1.9858342
4.2703016
0.2032289
15.907
0.2088323
3.002451
18.5191919
1.4768425
9.4020323
25.1735125
0.9092013
1.5150527
0.8378385
0.2753776
5.0292259
0.5994789
0.383046
0.2244146
9.5587478
1.2246315
3.8208583
4.3814413
0.2465219
1.331788
0.3529394
4.2503107
0.4295367
0.1978032
0.2851938
1.0099138
1.1502847
0.3330764
3.3320795
1.3275883
0.2281893
0.3224226
5.7545662
1.1953809
20.2843801
8.0613782
6.1443156
13.7487372
3.0265303
11.3737182
8.9840126
0.6993621
0.3480619
4.4227501
1.1951878
1.9844369
4.4049849
2.7130029
7.183253
8.4141712
35.4770027
22.97919
8.4123879
68.6566513
13.4155214
1.5268003
6.8517305
4.7665876
1.2398653
2.1306415
0.4700142
0.4025802
0.6720453
1.2526823
1.0344203
0.3146568
0.6979551
6.1462223
2.3497833
0.4490954
0.3566249
0.193042
0.4173192
2.8962712
0.3869718
4.1127389
0.6335612
1.7641183
1.5476469
0.3651615
1.1792995
1.6649315
2.4164682
2.6185597
12.3548189
1.7433883
0.3761872
0.9556254
1.9013788
3.0013677
0.6293278
1.3112037
0.8538854
8.6296065
37.3354279
5.2361813
0.9362271
0.6065512
0.4718479
3.7570435
1.1480123
1.2407188
0.4595859
0.3649521
1.8603475
0.3621808
0.4537982
0.9198069
10.3999314
10.1411831
8.0876933
0.2025418
2.4788443
0.6961179
1.9169243
7.3487283
14.2036768
19.1455773
1.0521502
0.7915238
0.9520639
0.498843
2.974965
7.9725906
0.6809157
0.284212
0.3679972
0.6703782
34.9173259
0.3478643
18.4302246
0.4977312
0.3463477
0.5523959
3.7608894
5.4728717
0.5082626
0.7361154
8.5953711
14.3382311
2.6401132
14.1160159
21.2305701
1.047334
0.4437049
0.6896061
14.6020111
6.7682825
2.3995628
2.8605769
1.0821593
2.7693193
0.5754755
0.2352029
15.3382207
2.0168177
0.1901845
0.292027
0.477256
0.3236744
24.6157653
14.9183502
14.1302563
2.2225417
0.3706139
1.6914468
21.7818285
0.4541908
4.9948916
0.6190567
0.2350061
0.4499196
0.4450552
0.2680981
0.5423049
0.6582089
0.4556486
0.5776359
0.2563024
0.8700329
12.1143577
119.4286244
0.4539415
1.2651973
0.9005354
0.6630539
0.1958244
2.7652391
0.2813528
0.3095194
31.546908
26.2350596
2.8282826
2.123181
1.3110114
0.334
7.779286
0.6552401
0.2221902
1.38983
15.8339429
0.2127373
3.8100121
0.5340267
2.1191088
0.4887563
1.2491089
0.3913889
0.3281035
0.5963001
12.6255343
2.4341718
2.6157264
3.645736
1.7450029
3.0882157
0.9215109
2.2965392
6.0534656
1.4448791
1.7159764
0.6266194
0.3399659
2.5379864
0.3663459
0.5805861
1.4706691
1.4097114
0.4822809
7.7065776
0.2306893
0.1896583
3.534535
6.3892221
0.3695222
0.5627663
0.9252876
1.5503489
2.3758527
32.6484262
8.1538884
3.0797285
0.5342726
0.7090431
6.0755283
7.9413424
5.284107
15.7381163
1.0367761
43.4351779
0.5847225
0.2764689
1.6137853
0.6697047
64.4421728
24.7734671
3.3686716
0.1904694
133.3978348
3.8128
4.8381301
1.8243788
0.3611076
9.8988853
1.3844675
1.1503737
3.2501268
18.3634673
0.7510066
1.0088475
0.1959534
2.4479446
0.9195125
2.8123432
2.3947976
0.2484288
7.1398011
3.395753
0.4567793
1.1585691
19.3383789
0.4365039
0.688564
1.4550379
0.4321871
0.7653167
38.3164582
0.5015486
0.2624948
15.0376899
14.4737177
0.2840517
1.1331827
3.3632116
0.644453
0.4204086
22.1250342
3.1342982
6.3394167
2.3972079
7.8870024
2.5341237
0.6236386
0.2732177
0.2895016
0.3377587
44.9531388
1.8821797
0.3361324
1.2473255
0.2706207
31.4854929
38.3961311
8.9322668
139.703497
0.239353
7.1387242
0.56803
5.8831423
39.6279977
0.5489851
1.8031169
1.0043016
0.7154926
12.1439188
13.3670987
0.3257062
0.8856754
0.3322958
0.4989709
3.5072979
15.3852047
3.432618
0.7817034
11.7140187
0.5025495
13.2130357
33.2750244
1.3861359
0.3657375
157.7882136
8.9405813
1.0603039
3.2844454
2.3597517
7.725887
7.7561933
0.7309825
12.4029405
22.4096835
123.2919027
7.2816487
11.960165
9.2997018
2.255987
10.3091295
9.9050724
11.1243575
0.6284847
0.4797212
0.2807742
0.7296542
0.1896369
5.0901861
0.2760437
5.8923302
5.0517759
27.0524076
0.6223674
0.941445
1.9556169
77.0162148
27.6016387
0.6949373
0.5101304
0.5975619
5.3941162
1.8957602
1.8133176
3.4044963
3.8966477
36.8571047
8.5485304
0.580088
1.750128
0.7326379
29.0708643
0.4068011
1.1964913
0.4808212
0.3888543
1.0739638
7.9989505
2.6869721
0.693704
1.1956077
0.7283641
10.9588547
2.776786
0.5952346
0.4510101
0.2667632
0.2858423
1.2928924
9.769247
0.5409982
5.2713023
3.3145487
0.2371225
0.7703807
2.2711535
6.8066291
3.1220401
0.8878414
0.2350996
0.9751431
2.8119337
3.5040331
1.8569211
1.8885138
0.5191944
0.5227421
0.7467271
1.1674025
0.3055503
1.4196063
0.6336973
0.5837101
0.5603446
0.3223254
0.3144833
0.5233156
1.1091832
3.0811455
0.6171564
0.6748695
0.4455619
0.5998304
49.3023882
4.2539805
1.0746396
0.8891182
0.5255446
1.0214776
0.3795646
7.1423664
0.7385984
0.2041034
0.4740477
10.1096117
51.0071349
105.1804475
11.9422352
91.5877599
3.6159319
43.7113005
3.0065657
7.2918177
1.4875032
0.4288105
0.2857166
0.2606526
2.0401692
4.3408333
4.4873666
0.7422898
1.851448
1.5885835
0.410232
0.2172321
0.8405174
0.412882
0.8680728
0.2270789
0.2383114
2.8570402
0.3826195
1.3813952
1.8234759
0.2564866
1.6480164
0.2696281
1.9302495
0.2860382
0.4413783
0.1998983
0.4639629
0.3897222
21.3412208
9.4876563
41.9254966
72.4721559
28.5052667
1.1440981
0.279322
0.3779802
8.0294802
15.4807498
22.869573
14.1556395
6.0253167
156.3862124
0.3477989
0.4034954
2.9132258
1.9740244
2.3591869
1.0812679
3.4273185
4.6914532
11.6439234
0.2027959
0.4536532
0.8041666
6.5024432
0.3045203
1.2693208
0.7907444
0.5133176
9.3416504
1.9972343
12.5481842
14.0479754
10.3831224
1.069811
0.3483814
3.4494065
0.3161218
3.6488969
2.9744632
0.21893
1.1936452
0.7324573
1.9722246
7.9523082
0.6758533
19.7391518
1.174049
0.818082
0.7753158
0.2082042
1.7238021
0.5840904
0.4347775
0.6379458
0.7926826
1.0026326
0.5051522
34.9075031
13.7148654
3.9319211
3.0177734
1.0957445
1.1622126
0.7636014
0.2192093
0.7592493
1.6361299
0.6221145
1.0697507
9.1145488
10.432848
0.3840683
7.6460081
0.1950066
2.653774
0.2965924
10420.2129887
4.7188913
0.3695026
1.1925357
2.3192476
1.3104042
1.5476495
0.2065254
0.2001031
7.5247185
3.0920323
2.2845361
9.716619
0.6257182
1.660309
0.9361749
0.3725687
1.8044189
164.8198517
1.7448606
0.3796467
0.1999129
0.2684615
3.1185749
0.5991158
0.5779272
3.8418522
1.4166247
28.1755631
1.8935919
0.3855629
2.8190622
0.9769988
2.2177154
0.4915753
4.4333087
0.3856351
7.8655136
294.2587896
1.3617969
0.9215888
1.4243143
1.4742927
0.7578314
1.9319006
0.9715412
4.8485995
1.1524892
2.0814921
3.128064
3.2810053
0.2179877
0.430526
2.9571554
22.5696949
0.7411619
2.3852384
6.5901636
1.5255655
1.0280154
0.4449758
0.4571051
0.236554
12.386141
0.3328057
3.5927799
2.9086966
1.0615508
0.2000012
2.1452938
2.635939
0.2675582
2.7761891
4.3906278
0.3052386
0.2940595
0.2431888
0.1904991
12.6036988
0.3995119
0.855722
1.2680536
0.5324927
24.3490607
1.4249469
1.0426554
0.3634549
1.078989
1.8827491
1.6311958
0.3976057
0.9725101
4.5086385
4.6735413
0.5916794
2.8496233
1.1608723
0.5311582
8.6802998
2.222957
0.3325809
19.97066
0.2367137
0.2335088
0.2793804
0.3756677
2.442191
0.5331719
0.3861144
0.2373487
3.5603248
19.4128869
5.8093216
3.6317437
0.5469343
0.3570671
0.3753594
2.5145132
1.5236922
15.9832233
0.3038413
1.0588897
1.6240683
0.7546807
1.6030888
0.3397623
0.566577
4.1975929
25.0551111
0.373533
16.2866077
0.3565787
0.2928549
1.745203
0.349235
0.9386196
0.461714
0.587644
0.2984207
0.5887122
14.50768
8.5247829
21.3108987
11.6115564
0.3259413
2.4422961
0.5566464
1.9048787
0.6195243
0.2115574
0.3072133
0.7903122
0.1967023
0.74162
1.0858123
0.4843185
2.9755403
8.8905277
7.1745767
4.0775147
7.8135149
0.2702521
7.4313818
21.2218546
2.2864432
0.4914722
0.3741563
5.2501676
5.9349302
0.270667
0.3941111
0.2353013
0.203304
0.20519
0.2315742
0.4320588
0.4008328
0.3450037
0.3253756
0.4138436
0.487129
0.2849871
0.3481841
0.5668534
11.8819277
44.1913883
3.9540993
0.2715783
0.5106218
0.4276242
4.755186
1.0087622
1.7368125
19.6593004
36.6057268
1.0090755
90.8069735
3.9297006
0.4082022
0.2232796
1.6373536
6.7756121
18.2610837
3.9973298
36.0075502
0.8397878
1.0720375
24.2350672
6.2783656
1.5752588
1.1942515
1.0338296
0.5764808
0.6265589
0.9002114
0.2839414
2.4244073
6.1682307
5.3291603
5.0444551
0.690404
1.3002585
0.7892452
0.46435
0.3174972
0.4422315
0.2622096
1.4209332
2.2590192
0.3378717
0.8194986
0.3240027
3.2897757
0.5455977
1.90595
0.3391538
1.3204462
0.2853171
0.4887882
4.5434974
0.5054923
0.3159403
0.9883483
0.9501392
0.2917706
0.2398124
0.2506409
0.4824236
0.9017044
1.2986586
4.4260061
0.2343526
0.216202
35.1928437
65.0345666
0.5536739
68.5210335
41.2254861
32.1692611
17.9162342
160.6225053
1.705477
1.721345
2.262233
0.4898976
31.9200606
12.3946758
5.7865539
4.5209156
33.6480179
8.7420547
4.2089881
16.452008
43.1615841
6.4221307
0.2857832
31.2333814
1.764333
25.1492526
417.2605038
4.0551762
0.2009493
6.3226253
48.156677
0.3815986
6.7239035
3.7691434
0.7428117
9.490421
17.4921741
0.3576785
0.2079728
1.3832268
1.3668951
0.2151544
0.3242701
4.8729037
5.126094
0.2488946
0.2628352
0.4721135
0.5374333
1.0602469
0.4802383
0.933423
1.0406209
7.4214762
5.1829878
4.0399322
4.71187
2.3787447
1.2764028
3.914062
1.8277648
0.4321016
9.7066881
1.3060891
0.2302949
0.4944869
4.4663608
0.7713898
0.2022412
0.3121337
0.2890182
2.1333206
1.6143295
4.5956599
1.3370442
1.1714762
0.4111118
0.5216341
2.9540496
22.3228355
0.4444264
0.4948705
4.866676
0.2443087
0.51059
2.9266845
3.1440673
7.0397816
3.21871
0.9095487
0.5180874
0.3445138
0.9474713
2.2617796
0.2151211
0.4035172
0.3739525
0.1942693
1.6110494
0.9280246
0.331367
34.1467023
0.4581005
1.830289
0.5468979
1.2200721
0.671211
0.3658098
1.4729036
3.9190309
1.1660463
0.26833
0.4878329
3.190124
12.6149568
4.1387715
6.7152536
0.3480743
0.2416435
0.7499077
0.2575028
2.3117585
13.5015948
0.8437167
0.4605265
0.7207777
2.0682083
1.0756685
11.8079633
1.7833216
